# unix_time, cycles_done, cur_path, paths_total, pending_total, pending_favs, map_size, unique_crashes, unique_hangs, max_depth, execs_per_sec
1569190031, 0, 0, 2, 2, 2, 0.39%, 0, 0, 1, 666.67
1569190036, 0, 0, 74, 74, 2, 0.50%, 0, 0, 2, 1662.57
1569190041, 0, 0, 107, 107, 2, 0.51%, 0, 0, 2, 1833.02
1569190046, 0, 0, 116, 116, 2, 0.51%, 0, 0, 2, 1854.27
1569190052, 0, 0, 138, 138, 2, 0.51%, 0, 0, 2, 1891.37
1569190057, 0, 0, 139, 139, 2, 0.51%, 0, 0, 2, 1905.51
1569190062, 0, 0, 141, 141, 2, 0.51%, 0, 0, 2, 1920.10
1569190067, 0, 0, 245, 245, 2, 0.52%, 0, 0, 2, 1963.13
1569190072, 0, 0, 266, 266, 2, 0.52%, 0, 0, 2, 1957.83
1569190077, 0, 0, 277, 277, 2, 0.52%, 1, 0, 2, 2010.29
1569190082, 0, 19, 278, 277, 28, 0.52%, 1, 0, 3, 1935.72
1569190112, 0, 30, 280, 278, 27, 0.52%, 1, 0, 3, 1881.71
1569190143, 0, 30, 281, 279, 27, 0.52%, 1, 0, 3, 1916.64
1569190148, 0, 30, 291, 289, 27, 0.52%, 1, 0, 3, 1979.24
1569190153, 0, 30, 299, 297, 27, 0.52%, 2, 0, 3, 1975.19
1569190158, 0, 30, 303, 301, 27, 0.52%, 4, 0, 3, 1964.75
1569190163, 0, 45, 304, 301, 27, 0.52%, 4, 0, 3, 1879.14
1569190194, 0, 52, 304, 300, 26, 0.52%, 4, 0, 3, 1913.86
1569190229, 0, 69, 304, 299, 26, 0.52%, 4, 0, 3, 1906.75
1569190260, 0, 162, 305, 299, 26, 0.52%, 4, 0, 3, 2014.08
1569190270, 0, 185, 305, 298, 25, 0.52%, 4, 0, 3, 2250.10
1569190285, 0, 189, 306, 298, 25, 0.52%, 4, 0, 3, 2051.37
1569190316, 0, 190, 306, 297, 24, 0.52%, 4, 0, 3, 2127.65
1569190331, 0, 195, 306, 296, 23, 0.52%, 4, 0, 3, 2155.92
1569190341, 0, 195, 310, 300, 23, 0.52%, 5, 0, 3, 2119.87
1569190346, 0, 195, 313, 303, 23, 0.52%, 5, 0, 3, 2134.37
1569190352, 0, 195, 315, 305, 23, 0.52%, 5, 0, 3, 1526.57
1569190357, 0, 202, 315, 304, 21, 0.52%, 5, 0, 3, 1840.90
1569190392, 0, 210, 315, 303, 20, 0.52%, 5, 0, 3, 1868.91
1569190413, 0, 212, 315, 302, 19, 0.52%, 5, 0, 3, 1918.88
1569190443, 0, 217, 315, 301, 17, 0.52%, 5, 0, 3, 2103.82
1569190448, 0, 222, 315, 300, 16, 0.52%, 5, 0, 3, 2163.29
1569190473, 0, 235, 316, 300, 15, 0.52%, 5, 0, 3, 1825.92
